      1.00000     0.392157     0.392157
      1.00000     0.394121     0.394121
      1.00000     0.396094     0.396094
      1.00000     0.398074     0.398074
      1.00000     0.400125     0.400125
      1.00000     0.404118     0.404118
      1.00000     0.407985     0.407985
      1.00000     0.409998     0.409998
      1.00000     0.412020     0.412020
      1.00000     0.414050     0.414050
      1.00000     0.416490     0.416490
      1.00000     0.420585     0.420585
      1.00000     0.424113     0.424113
      1.00000     0.426178     0.426178
      1.00000     0.429054     0.429054
      1.00000     0.433220     0.433220
      1.00000     0.436350     0.436350
      1.00000     0.438452     0.438452
      1.00000     0.440564     0.440564
      1.00000     0.442685     0.442685
      1.00000     0.446495     0.446495
      1.00000     0.450778     0.450778
      1.00000     0.453030     0.453030
      1.00000     0.455482     0.455482
      1.00000     0.459826     0.459826
      1.00000     0.463468     0.463468
      1.00000     0.465661     0.465661
      1.00000     0.467866     0.467866
      1.00000     0.470081     0.470081
      1.00000     0.474026     0.474026
      1.00000     0.478467     0.478467
      1.00000     0.480716     0.480716
      1.00000     0.483602     0.483602
      1.00000     0.488148     0.488148
      1.00000     0.491457     0.491457
      1.00000     0.493755     0.493755
      1.00000     0.496065     0.496065
      1.00000     0.498736     0.498736
      1.00000     0.503407     0.503407
      1.00000     0.506994     0.506994
      1.00000     0.509356     0.509356
      1.00000     0.513660     0.513660
      1.00000     0.518043     0.518043
      1.00000     0.520447     0.520447
      1.00000     0.522865     0.522865
      1.00000     0.525298     0.525298
      1.00000     0.530001     0.530001
      1.00000     0.534130     0.534130
      1.00000     0.536608     0.536608
      1.00000     0.540950     0.540950
      1.00000     0.545534     0.545534
      1.00000     0.548060     0.548060
      1.00000     0.550604     0.550604
      1.00000     0.553386     0.553386
      1.00000     0.558541     0.558541
      1.00000     0.562258     0.562258
      1.00000     0.565036     0.565036
      1.00000     0.570300     0.570300
      1.00000     0.574075     0.574075
      1.00000     0.576745     0.576745
      1.00000     0.579434     0.579434
      1.00000     0.583896     0.583896
      1.00000     0.588796     0.588796
      1.00000     0.591547     0.591547
      1.00000     0.596484     0.596484
      1.00000     0.601037     0.601037
      1.00000     0.603855     0.603855
      1.00000     0.606696     0.606696
      1.00000     0.611278     0.611278
      1.00000     0.616371     0.616371
      1.00000     0.619285     0.619285
      1.00000     0.624842     0.624842
      1.00000     0.629113     0.629113
      1.00000     0.632106     0.632106
      1.00000     0.635127     0.635127
      1.00000     0.641059     0.641059
      1.00000     0.645177     0.645177
      1.00000     0.649515     0.649515
      1.00000     0.655349     0.655349
      1.00000     0.658522     0.658522
      1.00000     0.661728     0.661728
      1.00000     0.667192     0.667192
      1.00000     0.672166     0.672166
      1.00000     0.676448     0.676448
      1.00000     0.682751     0.682751
      1.00000     0.686140     0.686140
      1.00000     0.689570     0.689570
      1.00000     0.695889     0.695889
      1.00000     0.700480     0.700480
      1.00000     0.704041     0.704041
      1.00000     0.709418     0.709418
      1.00000     0.715229     0.715229
      1.00000     0.720229     0.720229
      1.00000     0.726622     0.726622
      1.00000     0.730439     0.730439
      1.00000     0.735298     0.735298
      1.00000     0.742174     0.742174
      1.00000     0.747253     0.747253
      1.00000     0.754166     0.754166
      1.00000     0.758305     0.758305
      1.00000     0.764254     0.764254
      1.00000     0.770733     0.770733
      1.00000     0.777669     0.777669
      1.00000     0.783495     0.783495
      1.00000     0.788054     0.788054
      1.00000     0.796634     0.796634
      1.00000     0.802800     0.802800
      1.00000     0.810202     0.810202
      1.00000     0.815207     0.815207
      1.00000     0.824266     0.824266
      1.00000     0.831647     0.831647
      1.00000     0.838911     0.838911
      1.00000     0.845911     0.845911
      1.00000     0.854250     0.854250
      1.00000     0.864186     0.864186
      1.00000     0.870437     0.870437
      1.00000     0.880877     0.880877
      1.00000     0.891619     0.891619
      1.00000     0.899543     0.899543
      1.00000     0.910786     0.910786
      1.00000     0.922290     0.922290
      1.00000     0.934885     0.934885
      1.00000     0.948238     0.948238
      1.00000     0.962593     0.962593
      1.00000     0.978356     0.978356
      1.00000      1.00000      1.00000
      1.00000      1.00000      1.00000
      1.00000      1.00000      1.00000
      1.00000      1.00000      1.00000
      1.00000      1.00000      1.00000
     0.978356     0.978356      1.00000
     0.962593     0.962593      1.00000
     0.948238     0.948238      1.00000
     0.934885     0.934885      1.00000
     0.922290     0.922290      1.00000
     0.910786     0.910786      1.00000
     0.899543     0.899543      1.00000
     0.891619     0.891619      1.00000
     0.880877     0.880877      1.00000
     0.870437     0.870437      1.00000
     0.864186     0.864186      1.00000
     0.854250     0.854250      1.00000
     0.845911     0.845911      1.00000
     0.838911     0.838911      1.00000
     0.831647     0.831647      1.00000
     0.824266     0.824266      1.00000
     0.815207     0.815207      1.00000
     0.810202     0.810202      1.00000
     0.802800     0.802800      1.00000
     0.796634     0.796634      1.00000
     0.788054     0.788054      1.00000
     0.783495     0.783495      1.00000
     0.777669     0.777669      1.00000
     0.770733     0.770733      1.00000
     0.764254     0.764254      1.00000
     0.758305     0.758305      1.00000
     0.754166     0.754166      1.00000
     0.747253     0.747253      1.00000
     0.742174     0.742174      1.00000
     0.735298     0.735298      1.00000
     0.730439     0.730439      1.00000
     0.726622     0.726622      1.00000
     0.720229     0.720229      1.00000
     0.715229     0.715229      1.00000
     0.709418     0.709418      1.00000
     0.704041     0.704041      1.00000
     0.700480     0.700480      1.00000
     0.695889     0.695889      1.00000
     0.689570     0.689570      1.00000
     0.686140     0.686140      1.00000
     0.682751     0.682751      1.00000
     0.676448     0.676448      1.00000
     0.672166     0.672166      1.00000
     0.667192     0.667192      1.00000
     0.661728     0.661728      1.00000
     0.658522     0.658522      1.00000
     0.655349     0.655349      1.00000
     0.649515     0.649515      1.00000
     0.645177     0.645177      1.00000
     0.641059     0.641059      1.00000
     0.635127     0.635127      1.00000
     0.632106     0.632106      1.00000
     0.629113     0.629113      1.00000
     0.624842     0.624842      1.00000
     0.619285     0.619285      1.00000
     0.616371     0.616371      1.00000
     0.611278     0.611278      1.00000
     0.606696     0.606696      1.00000
     0.603855     0.603855      1.00000
     0.601037     0.601037      1.00000
     0.596484     0.596484      1.00000
     0.591547     0.591547      1.00000
     0.588796     0.588796      1.00000
     0.583896     0.583896      1.00000
     0.579434     0.579434      1.00000
     0.576745     0.576745      1.00000
     0.574075     0.574075      1.00000
     0.570300     0.570300      1.00000
     0.565036     0.565036      1.00000
     0.562258     0.562258      1.00000
     0.558541     0.558541      1.00000
     0.553386     0.553386      1.00000
     0.550603     0.550603      1.00000
     0.548060     0.548060      1.00000
     0.545534     0.545534      1.00000
     0.540950     0.540950      1.00000
     0.536608     0.536608      1.00000
     0.534130     0.534130      1.00000
     0.530001     0.530001      1.00000
     0.525298     0.525298      1.00000
     0.522865     0.522865      1.00000
     0.520447     0.520447      1.00000
     0.518043     0.518043      1.00000
     0.513660     0.513660      1.00000
     0.509356     0.509356      1.00000
     0.506994     0.506994      1.00000
     0.503407     0.503407      1.00000
     0.498736     0.498736      1.00000
     0.496065     0.496065      1.00000
     0.493755     0.493755      1.00000
     0.491457     0.491457      1.00000
     0.488148     0.488148      1.00000
     0.483602     0.483602      1.00000
     0.480716     0.480716      1.00000
     0.478467     0.478467      1.00000
     0.474026     0.474026      1.00000
     0.470081     0.470081      1.00000
     0.467866     0.467866      1.00000
     0.465661     0.465661      1.00000
     0.463468     0.463468      1.00000
     0.459826     0.459826      1.00000
     0.455482     0.455482      1.00000
     0.453030     0.453030      1.00000
     0.450778     0.450778      1.00000
     0.446495     0.446495      1.00000
     0.442685     0.442685      1.00000
     0.440564     0.440564      1.00000
     0.438452     0.438452      1.00000
     0.436350     0.436350      1.00000
     0.433220     0.433220      1.00000
     0.429054     0.429054      1.00000
     0.426178     0.426178      1.00000
     0.424113     0.424113      1.00000
     0.420585     0.420585      1.00000
     0.416490     0.416490      1.00000
     0.414050     0.414050      1.00000
     0.412020     0.412020      1.00000
     0.409998     0.409998      1.00000
     0.407985     0.407985      1.00000
     0.404118     0.404118      1.00000
     0.400126     0.400126      1.00000
     0.398074     0.398074      1.00000
     0.396094     0.396094      1.00000
     0.394121     0.394121      1.00000
     0.392157     0.392157      1.00000